00000000100111111111111110000000
00000010111111111110111110100000
00001011111111110000011111110000
00011111010101000000000111110000
00001111000000000000000001111100
00011010000000000000000000111110
00111100000000000000000000011110
00110000000000000000000000001110
00111000000000000000000000000111
01110000000000000000000000000111
01110000000000000000000000000111
11100000000000000000000000000111
11100000000000000000000000000111
11100000000000000000000000000111
11100000000000000000000000000111
11100000000000000000000000000111
11100000000000000000000000001110
11100000000000000000000000001110
11000000000000000000000000001100
11100000000000000000000000011010
01100000000000000000000000111000
01110000000000000000000011111000
01110000000000000000000011110000
00111000000000000000010111000000
00111100000000000001101101000000
00111111000000011101111010000000
00001111111111111111101000000000
00001011111111111111100000000000
00000011111111110000000000000000
00000000000000000000000000000000
00000000000000000000000000000000
00000000000000000000000000000000