00000000000000000000000000000000
00000000000000000000000000000000
00000000000000000000000000000000
00000000011110000000000000000000
00000001111111110110000000000000
00000011111111111110100000000000
00000011110110111111111110000000
00000111111000011111111111010000
00001011110000000111011111110000
00001111110000000000001011111000
00001111100000000000000111111100
00010111100000000000000001111100
00011111100000000000000000111011
00011110000000000000000000111111
00111110000000000000000000011011
00111011000000000000000000011100
00111100000000000000000000011100
00111100000000000000000000011011
00111100000000000000000000101100
00111100000000000000000000111100
00111011000000000000000000111011
00111110000000000000000001111100
00101110000000000000000111110100
00011111100000000000001011111000
00010111011000000000101111110000
00001011110111001101111101000000
00000101111111111111111000000000
00000001111111111111011000000000
00000000011111111110000000000000
00000000000000000000000000000000
00000000000000000000000000000000
00000000000000000000000000000000