00000000011111111111110000000000
00000001011111111111111010000000
00000101111111111111111111100000
00001111110100001111101111110000
00001111110000000000001011111000
00001111010000000000000010110110
00001111100000000000000001111100
00001110100000000000000000111100
00011111000000000000000000111111
00011110000000000000000000101111
00111110000000000000000000011111
00111110000000000000000000011111
11111100000000000000000000011111
11111100000000000000000000011111
00110100000000000000000000011111
00111000000000000000000000011111
00110100000000000000000000101111
00111100000000000000000000011111
11111010000000000000000000101111
00111110000000000000000000111111
00011101000000000000000010111100
00011111000000000000011011110110
00001111011000111110111111110000
00001011111111111111111011000000
00000101111111111111011000000000
00000001111110111110000000000000
00000000000000000000000000000000
00000000000000000000000000000000
00000000000000000000000000000000
00000000000000000000000000000000
00000000000000000000000000000000
00000000000000000000000000000000