00000000000000000000000000000000
00000000000000000000000000000000
00000000000000000000000000000000
00000000000000000000000000000000
00000000000000000000000000000000
00000000000000000000000000000000
00000000000000000000000000000000
00000000000000000000000000000000
00000000000000000000000000000000
00000000000000000000000000000000
00000110111101111011110000000000
00001101111111111111111011100000
00010111111111111111111111110000
00101111011110001111011111111000
00111111000000000000000101111100
00111101000000000000000010111011
11011110000000000000000001111100
11111110000000000000000001111100
11111100000000000000000001111100
11111110000000000000000010111100
11111101000000000000000101111100
00111111011000000000011011110100
00101111111010000010111111101000
00001101111111111111111101100000
00000011011111111111110100000000
00000000011111111011100000000000
00000000000000000000000000000000
00000000000000000000000000000000
00000000000000000000000000000000
00000000000000000000000000000000
00000000000000000000000000000000
00000000000000000000000000000000