00000000000000000000000000000000
00000000000000000000000000000000
00000000000000000000000000000000
00000000000000000000000000000000
00000000000000000000000000000000
00000000000000000000000000000000
00000000000000000000000000000000
00001111000000000000000000000000
00000111000100011000000000000000
00001111111111111011100000000000
00011111111111111111110110000000
00111011101111111111111110110000
01011100000000001111011111111100
01111000000000000000000101111101
11110000000000000000000001111111
11110000000000000000000000010111
01110000000000000000000000001111
10110000000000000000000000001111
01110000000000000000000000011101
10111000000000000000000000111010
01111100000000000000000001011100
00111010000000000000000011111000
00111110100000000000011111111000
00011111101100000111111111110000
00001111111111111111111111100000
00000011111111111111101100000000
00000000111111111111000000000000
00000000000000000000000000000000
00000000000000000000000000000000
00000000000000000000000000000000
00000000000000000000000000000000
00000000000000000000000000000000