00000000000000000000000000000000
00000000000000000000000000000000
00000000011111000000000000000000
00000000011110111111000000000000
00000001111111111111101100000000
00000001111111111111111101000000
00000101111100001110111110100000
00000111111000000000101111110000
00001011101000000000010111101000
00001111110000000000000111111000
00011111100000000000000001110100
00011111100000000000000001111100
00111110000000000000000011011100
00111110000000000000000000111100
00111100000000000000000000111011
11011100000000000000000000111100
00111100000000000000000000111011
00111100000000000000000000111100
00111100000000000000000000111100
00111100000000000000000001111100
00111011000000000000000001111100
00111110000000000000000111111000
00101111100000000000010111101000
00010111101001000000101111010000
00001111111110111101111110100000
00000101111111111111111110000000
00000001110101111110111100000000
00000000000000000000000000000000
00000000000000000000000000000000
00000000000000000000000000000000
00000000000000000000000000000000
00000000000000000000000000000000