00000000000000000000000000000000
00000000000000000000000000000000
00000000000000000000000000000000
00000000000010000010000000000000
00000000001111111111110110000000
00000000101111111111111111010000
00000001011101111110111111111000
00000011111010000000001101111010
00001011110000000000000001111110
00011110110000000000000000111101
00111111000000000000000000011101
01011110000000000000000000001110
01111100000000000000000000001110
10111000000000000000000000001110
11111000000000000000000000001110
11110000000000000000000000011101
11110000000000000000000000011111
11110000000000000000000000111110
11111000000000000000000000111110
01111100000000000000000001111010
01111110000000000000000011111100
00111101000000000000001011111000
00011110110000000000011111110000
00010111111011110011011110100000
00000111111111111111111110000000
00000001101111111111110100000000
00000000000011111111100000000000
00000000000000000000000000000000
00000000000000000000000000000000
00000000000000000000000000000000
00000000000000000000000000000000
00000000000000000000000000000000