00000000000000000000000000000000
00000000000000000000000000000000
00000000000000000000000000000000
00000000000000000000000000000000
00000000000000000000000000000000
00000000000111111000000000000000
00000000001011111101100000000000
00000000011111111111110100000000
00000000111110110111111101100000
00000001111010000011011111100000
00000110110100000000010111110000
00000111101000000000000111111000
00000111100000000000000010111000
00001110100000000000000001111100
00001111000000000000000001011111
00011101000000000000000000111111
00011110000000000000000000101100
00111110000000000000000000011100
00111010000000000000000000011100
00111100000000000000000000011100
11111100000000000000000000111111
11110100000000000000000000111100
11111000000000000000000001111100
00111000000000000000000001111110
00111000000000000000000011111000
00110100000000000000000111111100
11111010000000000000010111110000
00111111011000011011111110100000
01111111111111111111110100000000
00011111111111111110110000000000
00000000110000001100000000000000
00000000000000000000000000000000