00000000000000000000000000000000
00000000000000000000000000000000
00111111111111111111100000000000
11111111111111111111111011000000
11111111111111111111111111110000
11111111000000000110111111011100
00011111000000000000110011111000
00011111000000000000001111111000
00011111000000000000001111111111
00011110110000000000000011111111
00011111000000000000000011111111
00011111000000000000000011111111
11101111000000000000001101111111
11111111110000000000001111111000
11101111110000000000111111111000
00011111111100000011101111111000
00111011111101111011111111110000
00001111111111111111111100000000
00000011011111111110111000000000
00000000000111111111100000000000
00000000000000000000000000000000
00000000000000000000000000000000
00000000000000000000000000000000
00000000000000000000000000000000
00000000000000000000000000000000
00000000000000000000000000000000
00000000000000000000000000000000
00000000000000000000000000000000
00000000000000000000000000000000
00000000000000000000000000000000
00000000000000000000000000000000
00000000000000000000000000000000