00000000000000000000000000000000
00000000000000000000000000000000
00000000000000000000000000000000
00000000000000000000000000000000
00000000011110110000000000000000
00000000011111111111111110110000
00000000111111111111111111101000
00000001111110111000111011110100
00000110111100000000000101111100
00001101110000000000000001111011
00010111100000000000000001111111
00011111000000000000000000111100
00011111000000000000000000111100
00111101000000000000000000111011
00111110000000000000000001111011
00111110000000000000000001111100
00111110000000000000000010111100
11011101000000000000000101111000
00111111000000000000111011110000
00101111100000000011011101100000
00010111101100101111111010000000
00001111111111111111111000000000
00000110111111111101100000000000
00000000011000110000000000000000
00000000000000000000000000000000
00000000000000000000000000000000
00000000000000000000000000000000
00000000000000000000000000000000
00000000000000000000000000000000
00000000000000000000000000000000
00000000000000000000000000000000
00000000000000000000000000000000