00000000000000000000000000000000
00000000000000000000000000000000
00000000000000000000000000000000
00000000000000000000000000000000
00000000000000000000000000000000
00000000010000000000000000000000
00000001011110001111100110000000
00000011111111111111111110111000
00000011111111111111111111111100
00001101110100000111111101111100
00001111111000000000000001111111
00011011110000000000000000111111
00011110110000000000000000111111
00101101000000000000000000111111
00111110000000000000000000111111
11111110000000000000000001111111
11111100000000000000000001111011
11111010000000000000000011111100
11111101111000000000011111111000
11011111111101110111111110111000
00111011111111111111111010000000
00000111110101110101111000000000
00000000000000000000000000000000
00000000000000000000000000000000
00000000000000000000000000000000
00000000000000000000000000000000
00000000000000000000000000000000
00000000000000000000000000000000
00000000000000000000000000000000
00000000000000000000000000000000
00000000000000000000000000000000
00000000000000000000000000000000