00000000000000000000000000000000
00000000000000000000000000000000
00000000000000000000000000000000
00000000000000000000000000000000
00000000000000000000000000000000
00000000000000000000000000000000
00000000000000000000000000000000
00000000000000000000000000000000
00000000000000000000000000000000
00000010111110000000100000000000
00011011111111111111110111000000
00011111111111111111111111011000
00111111101110001110111111111100
11011101100000000000001011111100
11111110000000000000000001111011
11111100000000000000000001111100
11111100000000000000000001111100
11111010000000000000001011111100
11111101100000000000110111110100
00111111011100001101111111011000
00101111111111111111111110100000
00011011111111111111101110000000
00000001110111111111000000000000
00000000000000000000000000000000
00000000000000000000000000000000
00000000000000000000000000000000
00000000000000000000000000000000
00000000000000000000000000000000
00000000000000000000000000000000
00000000000000000000000000000000
00000000000000000000000000000000
00000000000000000000000000000000