00000000000000000000000000000000
00000000000000000000000000000000
00000000000000000000000000000000
00000000000000010000000000000000
00000000000001111100000000000000
00000000000011111110111100000000
00000000001101111111111010000000
00000000010111111111111101000000
00000000101101100000101110100000
00000010111010000000001111010000
00000101111000000000000111110000
00011011110000000000000011111000
00011111100000000000000001110110
00111101000000000000000001111100
00111110000000000000000000111100
11111100000000000000000000111100
11110100000000000000000000111100
11111000000000000000000000011100
11111000000000000000000000101111
11111000000000000000000000111111
11111100000000000000000000111100
11111100000000000000000001111100
00111110000000000000000010110110
01101110000000000000000111111000
00011110100000000011110111110000
00011011011000111111111110100000
00000101111111111111111011000000
00000010111111111110110000000000
00000000011111111000000000000000
00000000000000000000000000000000
00000000000000000000000000000000
00000000000000000000000000000000