00000000000000000000000000000000
00000000000000000000000000000000
00000000000000000000000000000000
00000000000111111111111111000000
00000000000111111111111110000000
00000000000111111111111110000000
00000000000111111111111110000000
00000000000111111111111110000000
00000000000111111111111110000000
00000000000111111111111110000000
00000000000111111111111110000000
00000000000111111111111110000000
00000000000111111111111110000000
00000000000111111111111110000000
00000000000111111111111110000000
00000000000111111111111110000000
00000000000111111111111110000000
00000011111100011111100001111111
00000001111111111111111111111111
00000001111111111111100001111111
00000001111111111111111110000000
11111110000111111111100001111111
00000001111111111111111110000000
00000001111111111111111110000000
00000001111111111111111110000000
00000001111111111111111110000000
00000001111111111111111110000000
11111111111111111111100000000000
11111111111111111111100000000000
11111111111111111111100000000000
00000000000000000000000000000000
00000000000000000000000000000000