00000000000000000000000000000000
00000000000000000000000000000000
00000000000000000000000000000000
00000000000000000000000000000000
00000000000111111111111111111111
00000000000111111111111111111111
00000000000111111111111111111111
00000000000111111111111111111111
00000000000111111111111111111111
00000000000111111111111111111111
00000000000111111111111111111111
00000000000111111111111111111111
00000011111100011111111111111111
00000001111111111111111110000000
00000001111111111111111110000000
00000001111111111111111110000000
00000001111111111111111110000000
00000001111111111111111110000000
00000001111111111111111110000000
00000001111111111111111110000000
00000001111111111111111110000000
00000001111111111111111110000000
00000001111111111111111110000000
00000001111111111111111110000000
11111110000111111111111110000000
11111111111111111111111110000000
11111110000111111111111110000000
00000011111111111111110000000000
00000000000000000000000000000000
00000000000000000000000000000000
00000000000000000000000000000000
00000000000000000000000000000000