00000000000000000000000000000000
00000000000000000000000000000000
00000000000000000000000000000000
00000000000000000000000000000000
00000000000000000000000000000000
00000000000000000011111111111111
00000000000000000011111111111111
00000000000000000011111111111111
00000000000000000011111111111111
00000000000000000011111111111111
00000000000000111111111110011111
00000000000000111111111111100000
00000000000000111111111111100000
00000000000111111111100011110000
00000000000111111111111100000000
00000000111000111111111100000000
00000000111111111111111100000000
00000000111111111100011100000000
00000111111111111111100000000000
00000111111111111111100000000000
00000111111111111111100000000000
00000111111111111100000000000000
11111001111111111100000000000000
11111111111100111100000000000000
11111111111111000000000000000000
11111111111111000000000000000000
11111111111111000000000000000000
00000000000000000000000000000000
00000000000000000000000000000000
00000000000000000000000000000000
00000000000000000000000000000000
00000000000000000000000000000000