00000000000000000000000000000000
00000000000000000000000000000000
00000000000000000000000000000000
11111111111111100000000000000000
11111111111111111100000000000000
11111111111111111100000000000000
11111111111111111100000000000000
11111111111111111100000000000000
11111111111111100011110000000000
11111100011111111100000000000000
00000011111111100011110000000000
11111100011111111111110000000000
00000011111111111111110000000000
00000011111111111111110000000000
00000011111111111111110000000000
00000011111111111111110000000000
00000011111111111111110000000000
00000011111111111111111111000000
00000000001111111111111111000000
00000000001111111111111111000000
00000000001111111111111111000000
00000000001111111111111111000000
00000000001111111111111111000000
00000000001111111111111000111111
00000000001111000111111111000000
00000000000000111111111111111111
00000000000000111111111111111111
00000000000000111111111111111111
00000000000000111111111111111111
00000000000000000000000000000000
00000000000000000000000000000000
00000000000000000000000000000000