00000000000000000000000000000000
00000000000000000000000000000000
00000000000000000000000000000000
11111111111111111111100000000000
11111111111111111111100000000000
11111111111111111111111110000000
00000001111111111111111110000000
00000001111111111111111110000000
00000001111111111111111110000000
00000001111111111111111110000000
00000001111111111111111110000000
00000001111111111111111110000000
00000001111111111111111110000000
00000001111111111111111110000000
00000000000111111111111110000000
00000000000111111111111110000000
00000000000111111111111110000000
00000000000111111111111110000000
00000000000111111111111110000000
00000000000111111111111110000000
00000000000111111111111110000000
00000000000111111111111110000000
00000000000111111111111110000000
00000000000111111111111110000000
00000000000111111111111110000000
00000000000111111111111110000000
00000000000111111111111110000000
00000000000111111111111110000000
00000000000111111111111110000000
00000000000111111111111111000000
00000000000000000000000000000000
00000000000000000000000000000000