00000000000000000000000000000000
00000000000000000000000000000000
00000000000000000000000000000000
11111111111111111110000000000000
11111111111111111110000000000000
11111111111111111110000000000000
11111111111111111110000000000000
11111111111111111110000000000000
11111111111111111110000000000000
11111111111111000001111110000000
11111111111111111110000000000000
11111111111111111110000000000000
11111111111111111110000000000000
11111111111111111110000000000000
11111111111111111110000000000000
11111111111111111110000000000000
11111111111111111110000000000000
11111111111111111110000000000000
11111111111111111110000000000000
11111111111111111111111100000000
11111111111111111111111100000000
11111111111111111111111100000000
11111111111111111111111111111111
11111111000011111111111111111111
00000000111111111111111111111111
00000000111111111111111111111111
00000000111111111111111111111111
00000001111111000011111111111111
00000000000001111111111111111111
00000000000001111111111111111111
00000000000000000000000000000000
00000000000000000000000000000000