00000000000000000000000000000000
00000000000000000000000000000000
00000000000000000000000000000000
00000000000000001111111111100000
00000000000011111111111100011111
00000000000000001111111100011111
00000000000000001111111111100000
00000000000000001111111111100000
00000000000000001111111111100000
00000000000000001111111111100000
00000000000000001111111111100000
00000000000011110001111100011111
00000000000011111111111100011111
00000000000011111111111111100000
00000000000011111111111111100000
00000000000011111111111111100000
00000000000011111111111111100000
00000000000011111111111111100000
00000000000011111111111111100000
00000000000011111111111111100000
00000000000011111111111111100000
00000000000011111111111111100000
00000000000011111111111111100000
00000000011111111111111111100000
00000111100011111111000111100000
00000111111111111111111000000000
11111111111111111001111100000000
11111111111110001111000000000000
00000000000000000000000000000000
00000000000000000000000000000000
00000000000000000000000000000000
00000000000000000000000000000000