00000000000000000000000000000000
00000000000000000000000000000000
00000000000000000000000000000000
00000000000000000000000000000000
00000000000000000000000000000000
01101111101111110101100000000000
11111111111111111111110000000000
11111111111111110111110000000000
11110000000000000011111000000000
00000000000000000001111000000000
00000000000000000000111000000000
00000000000000000000111000000000
00000000000000000000111000000000
00000000000000000001111000000000
00000000000000000001111000000000
00000000000000000011110000000000
00000000000000000011110000000000
00000000000000001011000000000000
00000000000000111111000000000000
00000000000001111110000000000000
00000000111111111110000000000000
00000011111111111000000100000000
00000111111111111111111111111111
00000111111111111111111111111111
00000001000000000000000000000000
00000000000000000000000000000000
00000000000000000000000000000000
00000000000000000000000000000000
00000000000000000000000000000000
00000000000000000000000000000000
00000000000000000000000000000000
00000000000000000000000000000000