00000000000000000000000000000000
00000000000000000000000000000000
00000000000000000000000000000000
00000000101111111010000000000000
00000010111111111111000000000000
00000101111011101111100000000000
00001011111000001111110000000000
00001111010000000011110000000000
00011110100000000011111000000000
00011110000000000001110000000000
00101100000000000001110000000000
00011100000000000001110000000000
00000000000000000011101000000000
00000000000000000001101000000000
00000000000000000011110000000000
00000000000000000111010000000000
00000000000000001110100000000000
00000000000000011111000000000000
00000000000001011110000000000000
00000000000011111100000000000000
00000000011011110100000000000000
00000011111111110000000000000000
00011111111111000000000000000000
11111111111111111111111011010111
11111111111111111111111111111111
11111111111111111111111111111111
00000000000010000000000000000000
00000000000000000000000000000000
00000000000000000000000000000000
00000000000000000000000000000000
00000000000000000000000000000000
00000000000000000000000000000000