00000000000000000000000000000000
00000000000000000000000000000000
00000000000000000000000000000000
00000000000000000000000000000000
00000000010010000000000000000000
00000001011111000000000000000000
00000001111111100000000000000000
00000011101111100000000000000000
00000010100011100000000000000000
00000000000001100000000000000000
00000000000001100000000000000000
00000000000001100000000000000000
00000000000001100000000000000000
00000000000011100000000000000000
00000000000111000000000000000000
00000000001011100000000000000000
00000000011110000000000000000000
00000001011100000000000000000000
00000111111100000000000000000000
00011111110000000000000000000000
01011110100000000000000000000000
11111110000000000000000000000000
11111111111111000110111111111111
11111111111111111111111111111111
00101111111111111111111111111111
00000000000000000100000000000000
00000000000000000000000000000000
00000000000000000000000000000000
00000000000000000000000000000000
00000000000000000000000000000000
00000000000000000000000000000000
00000000000000000000000000000000