00000000000000000000000000000000
00000000000000000000000000000000
00000000000000000000000000000000
00000000000000010000001001000000
00000001111111111111111110111000
00001111111111111111111111111000
00001111111111011111111101111000
00001111111000000000000011111000
00000000000000000000000011111000
00000000000000000000000111111000
00000000000000000000011011110000
00000000000000000000110111110000
00000000000000000000111111000000
00000000000000000010111110000000
00000000000000001101110100000000
00000000000000101111111000000000
00000000000001011111000000000000
00000000011101111110000000000000
00001111011111111000000001110000
11011111111111110110111111111111
11111111111111111111111111111111
11101111111111111110111111111100
00000000000000000000000000000000
00000000000000000000000000000000
00000000000000000000000000000000
00000000000000000000000000000000
00000000000000000000000000000000
00000000000000000000000000000000
00000000000000000000000000000000
00000000000000000000000000000000
00000000000000000000000000000000
00000000000000000000000000000000