00000000000000000000000000000000
00000000000000000000000000000000
00000000000000000000000000000000
00000000000000000000000000000000
00000000000000000000000000000000
00011101110000000000000000000000
00011111110000000000000000000000
00011111111000000000000000000000
00011100010000000000000000000000
00000000111000000000000000000000
00000000011100000000000000000000
00000000011100000000000000000000
00000000001100000000000000000000
00000000001100000000000000000000
00000000001100000000000000000000
00000000011100000000000000000000
00000000111100000000000000000000
00000000111000000000000000000000
00000001110000000000000000000000
00000000111000000000000000000000
00000101100000000000000000000000
00000111100000000000000000000000
00000110100000000000000110111010
00011100000000000000010111111100
01011110000000000001011111110111
00110100000000000101111010000111
11100000000000101111111000000111
11110000000010111101100000000000
11111011110111111100000000000000
11111111111110110000000000000000
00010111111110000000000000000000
00000000000000000000000000000000