00000000000000000000000000000000
00000000000000000000000000000000
00000000000000000000000000000000
00000000000000000000000000000000
00000000000000000000000000000000
00001111111111111111000000000000
00011111111111111111101111110000
00011111111111111111111111111100
00000110000000001111011111111011
00000000000000000000000011111100
00000000000000000000000000011011
00000000000000000000000001101100
00000000000000000000000011111100
00000000000000000000000111110100
00000000000000000001110111101000
00000000000000000101111111010000
00000000000000110111111011000000
00000000000011011111101000000000
00000000010111111011000000000000
00000111111111011000000000000000
00101111111111100000000000100000
11111111111111111111111111111000
11111111111111111111111111111000
11111111111111111111111111111000
00000000000000000000000000000000
00000000000000000000000000000000
00000000000000000000000000000000
00000000000000000000000000000000
00000000000000000000000000000000
00000000000000000000000000000000
00000000000000000000000000000000
00000000000000000000000000000000