00000000000000000000000000000000
00000000000000000000000000000000
00000000000000000000000000000000
00000000000000000000000000000000
00000000000000000000000000000000
00000000000100000000000000000000
00000001111011110000000000000000
00010111111111111000000000000000
10111111111111111110000000000000
11111110110001011110100000000000
11101000000000011111100000000000
00000000000000001011100000000000
00000000000000000101100000000000
00000000000000000011100000000000
00000000000000000011100000000000
00000000000000000011100000000000
00000000000000000011100000000000
00000000000000000101100000000000
00000000000000001011010000000000
00000000000000010110100000000000
00000000000000011111000000000000
00000000000000111110000000000000
00000000000010111110000000000100
00000000001011111110011111011111
00000000111111111111111111111111
00000000111111111111111111111011
00000000111110111111100000000000
00000000111100000000000000000000
00000000000000000000000000000000
00000000000000000000000000000000
00000000000000000000000000000000
00000000000000000000000000000000