00000000000000000000000000000000
00000000000000000000000000000000
00000000000000000010000000000000
00000000111111111111010000000000
00000011111111111111111000000000
00000011111011100101111000000000
00000010110000000000111000000000
00000000000000000000011000000000
00000000000000000000001100000000
00000000000000000000011000000000
00000000000000000000001100000000
00000000000000000000011100000000
00000000000000000000111000000000
00000000000000000001011000000000
00000000000000000011111000000000
00000000000000000111110000000000
00000000000000010111100000000000
00000000000000111101000000000000
00000000000011111010000000000000
00000000001011110100000000000000
00000000101111010000000000000000
00001101111100000000000000000000
01011111110000000000000000000000
11111111110000000000000101111000
11111110000000000000110111110100
10111111000000001111111111111000
00111111111111111111111110111110
00111111111111111111010000001111
00000111111111111001000000001111
00000000000000000000000000000111
00000000000000000000000000000000
00000000000000000000000000000000