00000000000000000000000000000000
00000000000000000000000000000000
00000000000000000000000000000000
00000001010000010000000000000000
00000111111111111000000000000000
00000111111111111000000000000000
00000111111111111000000000000000
00000000000000011000000000000000
00000000000000011000000000000000
00000000000000111100000000000000
00000000000000111100000000000000
00000000000001111000000000000000
00000000000001111000000000000000
00000000000011111000000000000000
00000000000011101000000000000000
00000000000111010000000000000000
00000000011110100000000000000000
00000000101101000000000000000000
00000001011010000000000000000000
00000111111000000000000000000000
00010111110000000000000000000000
01011111100000000000000000000000
10111111111111111111111111111111
11111111111111111111111111111111
11101111111110000000000000000111
00000000000000000000000000000000
00000000000000000000000000000000
00000000000000000000000000000000
00000000000000000000000000000000
00000000000000000000000000000000
00000000000000000000000000000000
00000000000000000000000000000000