00000000000000000000000000000000
00000000000000000000000000000000
00000000000000000000000000000000
00000000000000000000000000000000
00001111111111111100000000000000
01101111111111111111000000000000
11111111111101111111010000000000
11111100000000111111101000000000
11110000000000000101111000000000
00000000000000000010110100000000
00000000000000000001011000000000
00000000000000000000111000000000
00000000000000000000111000000000
00000000000000000001011000000000
00000000000000000001111000000000
00000000000000000011111000000000
00000000000000000011101000000000
00000000000000011111110000000000
00000000000001011111000000000000
00000000001101111110000000000000
00000000101111110100000000000000
00000000111111111000000000010000
00000000111111111111111111111111
00000000111111111111111111111111
00000000001001011000000000011111
00000000000000000000000000000000
00000000000000000000000000000000
00000000000000000000000000000000
00000000000000000000000000000000
00000000000000000000000000000000
00000000000000000000000000000000
00000000000000000000000000000000