00000000000000000000000000000000
00000000000000000000000000000000
00111101111000000000000000000000
00111111111101100000000000000000
00111011111111110000000000000000
00000000011101111000000000000000
00000000000001110000000000000000
00000000000000110000000000000000
00000000000000111000000000000000
00000000000001110000000000000000
00000000000011100000000000000000
00000000000101110000000000000000
00000000000111100000000000000000
00000000001110000000000000000000
00000000001101000000000000000000
00000001011100000000000000000000
00000111111000000000000000000000
00111111110000000000000000000000
11111111111111110000000000000000
11111111111111111111111111111111
11111111111111111111111111111111
00100000000000000000000000000000
00000000000000000000000000000000
00000000000000000000000000000000
00000000000000000000000000000000
00000000000000000000000000000000
00000000000000000000000000000000
00000000000000000000000000000000
00000000000000000000000000000000
00000000000000000000000000000000
00000000000000000000000000000000
00000000000000000000000000000000