00000000000000000000000000000000
00000000000000000000000000000000
00000000000000000000000000000000
00000000000000000000000000000000
00000000000011110100000000000000
00000000110111111111000000000000
00001111111111111111100000000000
01101111111110110111010000000000
11111111111000000111110000000000
11111010000000000011110000000000
11110000000000000011110000000000
00000000000000000011110000000000
00000000000000000011110000000000
00000000000000000101110000000000
00000000000000000111110000000000
00000000000000001011100000000000
00000000000000011111000000000000
00000000000001111110000000000000
00000000000011111110000000000000
00000000001011111101111111111111
00000000001111111111111111111111
00000000010111111111110111111111
00000000001111101100000000000000
00000000000000000000000000000000
00000000000000000000000000000000
00000000000000000000000000000000
00000000000000000000000000000000
00000000000000000000000000000000
00000000000000000000000000000000
00000000000000000000000000000000
00000000000000000000000000000000
00000000000000000000000000000000