00000000000000000000000000000000
00000000000000000000000000000000
00000000000000000000000000000000
00000010000000000000000000000000
00011111101000000000000000000000
00011111111010000000000000000000
00011110111101100000000000000000
00000000110111111000000000000000
00000000000101111100000000000000
00000000000001111110000000000000
00000000000000111101000000000000
00000000000000111111000000000000
00000000000000111111000000000000
00000000000001011111000000000000
00000000000010111110000000000000
00000000001101111100000000000000
00000000010111110000000000000000
00000011011101100000000000000000
00001101110110000000000000000000
00110111110000000000000000000000
11111111110000000011110000000000
11111111111111111111111111010000
11111111111111111111111111111111
11100110000000000000011101111111
00000000000000000000000000101111
00000000000000000000000000000100
00000000000000000000000000000000
00000000000000000000000000000000
00000000000000000000000000000000
00000000000000000000000000000000
00000000000000000000000000000000
00000000000000000000000000000000