00000000000000000000000000000000
00000000000000000000000000000000
00000000000000000000000000000000
00000000010111010000000000000000
00000011011111110100000000000000
00001111111111111100000000000000
00000111111000101110000000000000
00000111000000001110000000000000
00000000000000001111000000000000
00000000000000001111000000000000
00000000000000000111000000000000
00000000000000000111000000000000
00000000000000000111000000000000
00000000000000001011000000000000
00000000000000001111000000000000
00000000000000001110000000000000
00000000000000011110000000000000
00000000000001011010000000000000
00000000000011110100000000000000
00000000000111110000000000000000
00000000010111010000000000000000
00000111111110000000000000000000
00101111111110000000000001000000
11111111111000000000111011111111
11111011000000011111111111111111
11111100000111111111111111111111
11111101110111111111111000000000
01111111111111011000000000000000
00101011110111000000000000000000
00000000000000000000000000000000
00000000000000000000000000000000
00000000000000000000000000000000