00000000000000000000000000000000
00000000000000000000000000000000
00000000000000000000000000000000
00000000000000001111110000000000
00000000001111011111110000000000
00001110111111111111111000000000
01011111111111011110111000000000
11111111011100000000111000000000
11110100000000000000111000000000
11110000000000000000111000000000
00000000000000000000111000000000
00000000000000000000111000000000
00000000000000000001111000000000
00000000000000000001111000000000
00000000000000000011110000000000
00000000000000000101110000000000
00000000000000001011100000000000
00000000000000001111100000000000
00000000000000011111000000000000
00000000000001011110000000000000
00000000001101111100000000000000
00000001101111111000000000000000
00001101111111010000000000000000
00011111111110000000000000000000
01111111111000000000000000000000
01111111111111111111111110110000
01011111111111111111111111110100
00001111111111111111111110111110
00000000000000000000000001111111
00000000000000000000000000011111
00000000000000000000000000001111
00000000000000000000000000001111