00000000000000000000000000000000
00000000000000000000000000000000
00000000000000000000000000000000
00000000000000000000000000000000
00000000000000000000000000000000
00000001111101111111100000000000
11101111111111111111110000000000
11111111111111111111111000000000
11111011111000000110111000000000
00100000000000000001111100000000
00000000000000000000111100000000
00000000000000000000111100000000
00000000000000000000111100000000
00000000000000000001011100000000
00000000000000000110111100000000
00000000000000000011111000000000
00000000000000011111110000000000
00000000000010111110100000000000
00000000001011111011000000000000
00000001101111111000000000000000
00001101111111111111110110111111
01101111111111111111111111111111
00111111111111111111111110111111
00111011000000010000000000000000
00000000000000000000000000000000
00000000000000000000000000000000
00000000000000000000000000000000
00000000000000000000000000000000
00000000000000000000000000000000
00000000000000000000000000000000
00000000000000000000000000000000
00000000000000000000000000000000