00000000000000000000000000000000
00000000000000000000000000000000
00000000000000000000000000000000
00011011111111111110000000000000
00011111111111111111000000000000
00011101111111111111000000000000
00000000000000011111000000000000
00000000000000001111000000000000
00000000000000001111000000000000
00000000000000011111000000000000
00000000000000111111000000000000
00000000000001111111000000000000
00000000001011111000000000000000
00000001011111110000000000000000
00001011111101100000000000000000
01011111111000000000000000000000
11111111110111111111111101111000
11111111111111111111111111111010
11011111111111111111111101111110
00000000000000000000000000101101
00000000000000000000000000011110
00000000000000000000000000011110
00000000000000000000000000111110
00000000000000000000000101111110
00000000000000000000110111110100
00000000000000001110111110100000
00000000000001111111110110000000
00000001111011111110100000000000
00011101111111111110000000000000
00111111111101100000000000000000
00111110111000000000000000000000
00111000000000000000000000000000