00000000000000000000000000000000
00000000000000000000000000000000
00000000000000000000000000000000
00000000000000000000001100000000
00000000000000110111111111000000
00000000000000111111111111000000
00000000000000111011111011000000
00000000000000000000000111000000
00000000000000000000000111000000
00000000000000000000001110000000
00000000000000000000001101000000
00000000000000000000111010000000
00000000000000000010111100000000
00000000000000000111111011111000
00000000000000001111111111111111
01000000000000001111111111111111
11100000000000000010000000011011
11110000000000000000000000000111
11110000000000000000000000000111
01111000000000000000000000000111
00111000000000000000000000000111
00111100000000000000000000011110
00001110000000000000000000011100
00011110000000000000000011111100
00000111101000000000011011110000
00000111111110000010111111110000
00000011111111111111111111000000
00000000010111111111111000000000
00000000000111111111000000000000
00000000000000000000000000000000
00000000000000000000000000000000
00000000000000000000000000000000