00000000000000000000000000000000
00000000000000000000000000000000
00000000000000000000011110000000
00000000000000000111111111000000
00000000000000000111111111000000
00000000000000001111110111000000
00000000000000001110000111000000
00000000000000001100000111000000
00000000000000000000000011000000
00000000000000000000001111000000
00000000000000000000011100000000
00000000000000000011111110000000
00000000000000000111111110000000
00000000000000000111111111111010
00000000000000000101101111111111
00000000000000000000000011111111
00000000000000000000000000000111
00000000000000000000000000000111
00000000000000000000000000000111
00000000000000000000000000001111
00000000000000000000000000111010
00000000000000000000000010111100
00000111011111101111101111111000
11111111111111111111111110110000
11111111111111111111111110000000
11111001000000000000000000000000
00000000000000000000000000000000
00000000000000000000000000000000
00000000000000000000000000000000
00000000000000000000000000000000
00000000000000000000000000000000
00000000000000000000000000000000