00000000000000000000000000000000
00000000000000000000000000000000
00000000000001111111111000000000
00000000000111111111111000000000
00000000000111111111111000000000
00000000000111100000011100000000
00000000000000000000011000000000
00000000000000000000011000000000
00000000000000000000011000000000
00000000000000000001111000000000
00000000000000000001111000000000
00000000000000000111110111111100
00000000000000010111111111111110
00000000000001111111111111111110
00000000000011111111111000010111
00000000000011101000000000001111
00000000000001000000000000000111
00000000000000000000000000000111
00000000000000000000000000001111
00000000000000000000000000001111
00000000000000000000000000111110
00000000000000000000000001111010
00000000000000000000000101110100
11100000000000000000111111010000
11101100000000001101111111000000
11111111111111111111110100000000
01011111111111111111100000000000
00001111111111110000000000000000
00000000000000000000000000000000
00000000000000000000000000000000
00000000000000000000000000000000
00000000000000000000000000000000