00001000000001100000000000000000
11011111111111111000000000000000
11111111111111111100000000000000
11111111111111011110000000000000
00000000000000011110000000000000
00000000000000001110000000000000
00000000000000001110000000000000
00000000000000001110000000000000
00000000000000011110000000000000
00000000000000111110000000000000
00000000000010111100000000000000
00000000001111111000000000000000
00000000101111010000000000000000
00000001111110000000000000000000
00000111111010000000000000000000
00001111111000000000000000000000
00001111110110101011111110111000
00001111111111111111111111111100
00000111111111111111111101111110
00000000000000000000000000111101
00000000000000000000000000001111
00000000000000000000000000001111
00000000000000000000000000001111
00000000000000000000000000010111
00000000000000000000000110111111
00000000000000000001111111111010
00000000000000011011111111101000
00011111011111111111110110000000
00011111111111111111100000000000
00011111111110111100000000000000
00000000000000000000000000000000
00000000000000000000000000000000