00000000000000000000000000000000
00000000000000000000000000000000
00000000000000000000000000000000
00000000000000000000000000000000
00000000000000000000000000000000
00000000000000000000000000000000
00011111111111111111000000000000
00011111111111111111001100000000
00011111111111111111110011100000
00000000000011100111111111000000
00000000000000000111111111000000
00000000000000111001111111000000
00000000001110111111111111000000
00000111001111111111001110000000
11110111111111111111110000000000
11111111111111111111001100000000
11111111111111111111111111111111
00000000110011111111111111111111
00000000000000000111111111111111
00000000000000000111111111111111
00000000000011100111111111101111
00011111001111111111111111000000
11111111111111111111001110000000
11111111111110011100000000000000
00000100000000000000000000000000
00000000000000000000000000000000
00000000000000000000000000000000
00000000000000000000000000000000
00000000000000000000000000000000
00000000000000000000000000000000
00000000000000000000000000000000
00000000000000000000000000000000