00000000000000000000000000000000
00000000000000000000000000000000
00000000000000000000000000000000
00000000000000000000000000000000
00000000000000000000000000000000
00000000000000000000000000000000
00000000000000000000000000000000
11111111010011111110000000000000
11111111111111111110111000000000
11111111111111111111111110000000
00000001111111001111111110000000
00000000000000001111111110000000
00000000000001110011111001100000
00000000000011111111111110000000
00000000001111111111110000000000
00000001111111111111101110000000
00000001111111111111111111100111
00000001111101111111111111111111
00000000000000010000111111111111
00000000000000000011001111111111
00000000000011110011111111100111
00000000000011111111111011111000
00000000000011111111101110000000
00000000000000000000000000000000
00000000000000000000000000000000
00000000000000000000000000000000
00000000000000000000000000000000
00000000000000000000000000000000
00000000000000000000000000000000
00000000000000000000000000000000
00000000000000000000000000000000
00000000000000000000000000000000