00000000011000000000000000000000
00000111111111111011100000000000
00000111111111111111111100000000
00000000011111011111111110000000
00000000000000000011011110000000
00000000000000000000111110000000
00000000000000000000111110000000
00000000000000000011111011000000
00000000000000011011101100000000
00000000000011011111011000000000
00000000011100111100100000000000
00000000111111111111000000000000
00000011011111111100111000000000
00000000111111111111111101100000
00000000000011111011111111110000
00000000000000000001111011111100
00000000000000000000001101111100
00000000000000000000000011111111
00000000000000000000000001111111
00000000000000000000000001111111
00000000000000000000000001111111
00000000000000000000000011111111
00000000000000000000011011111011
00000000000000000011111111110000
00000000000111011111111011000000
00011111011111111111011100000000
11111111111111110111100000000000
11111111011110000000000000000000
00011000000000000000000000000000
00000000000000000000000000000000
00000000000000000000000000000000
00000000000000000000000000000000