00000000000000000000000000000000
00000000000000000000000000000000
00000000000000000000000000000000
00000000000000000000000000000000
00000000000000000000000000000000
00000000000000000000000000000000
00000000000000000000000000000000
00000000000000000000000000000000
00000000000000000000000000000000
00000000000000000000000000000000
00000000000000000000000000000000
00000000011111100000000000000000
00000010111111100000000000000000
00001111111111010000000000000000
00011111101011100000000000000000
00111110100111100000000000000000
10111110000111100000000000000000
11111000000111100000000000000000
11101000000111100000000100100000
00000000000110100001111111110100
00000000001111010111111111111010
00000000001111111111110111111101
00000000011111111101110000101111
00000000001111011000000000010111
00000000001110000000000000001111
00000000000000000000000000001111
00000000000000000000000000001111
00000000000000000000000000001111
00000000000000000000000000001111
00000000000000000000000000000000
00000000000000000000000000000000
00000000000000000000000000000000