00000000000000000000000000000000
00000000000000000000000000000000
00000000000000000000000000000000
00000000000000000000000000000000
00000000111111111111110000000000
00000000111111111111110100000000
00000000111111111101111000000000
00000000000000000000111000000000
00000000000000000000111000000000
00000000000000000000111000000000
00000000000000000001111000000000
00000000000000000010111000000000
00000000000000000111110000000000
00000000000000010111000010000100
00000000000000111111111111111101
00000000000001111111111111111111
00000000000000111111110100001111
00000000000000100000000000000111
00000000000000000000000000010111
00000000000000000000000000101110
00000000000000000000000101111100
00000000000000000111011111110000
00011111101111111111111110100000
10111111111111111111101100000000
11111111111011111100000000000000
11011100010000000000000000000000
00000000000000000000000000000000
00000000000000000000000000000000
00000000000000000000000000000000
00000000000000000000000000000000
00000000000000000000000000000000
00000000000000000000000000000000