00000000000000000000000000000000
00000000000000000000000000000000
00000000000001000000000000000000
00000000011011111111111101100000
00000000011111111111111111100000
00000000011111111111110111100000
00000000000000000000000011100000
00000000000000000000000101010000
00000000000000000000000111100000
00000000000000000000001111100000
00000000000000000000011110100000
00000000000000000111011101000000
00000000000001111111111100000000
00010011110111111111111100000000
11111111111111111111111011000000
11111111111111111111111111101000
11101111111111111111101111110110
00000000000000000000000110111100
00000000000000000000000000111111
00000000000000000000000000111100
00000000000000000000000000111011
00000000000000000000000010111100
00000000000000000000000111110110
00000000000000000000101111110000
00000000000000000011011110100000
00000000000000011111111010000000
00000000000111011111101000000000
00000001101111111110100000000000
00000011111111111100000000000000
00000011111011100000000000000000
00000000000000000000000000000000
00000000000000000000000000000000