00000000000000000000000000000000
00000000000000000000000000000000
00000000000000000000000000000000
00000000000000011100000000000000
00000000000000111100000000000000
00000000000000110100000000000000
00000000000001111000000000000000
00000000000011100000000000000000
00000000000111010000011000000000
00000000001110100000011000000000
00000000111110000000011000000000
00000001011100000000111000000000
00000010110100000000111000000000
00000111111000000000110000000000
00001011010000000000111000000000
00011110100000000000111000000000
00011110000000000001111000000000
10111111110000011110110110011111
11111111111111111111111111111111
11111111111111111111111111111111
01011111000000000010101000000000
00000000000000000001110000000000
00000000000000000001110000000000
00000000000000000001110000000000
00000000000000000010110000000000
00000000000000000011100000000000
00000000000000000011100000000000
00000000000000000011100000000000
00000000000000000011100000000000
00000000000000000011100000000000
00000000000000000011100000000000
00000000000000000011100000000000