00000000000000000000000000000000
00000000000000000000000000000000
00000000000000000000000000000000
00000000000000000000000000000000
00000000001110000000000000000000
00000000001110000000000000000000
00000000111110000000000000000000
00000011111100000000000000000000
00000101110000000000000000000000
00001111100000000000000000000000
00001101000000000011000000000000
00111110000000000010100000000000
01111100000000000110100000000000
11100000000000000111000000000000
11110000000000000011000000000000
11100000000000000111000000001011
10111010000000000110000000111111
01111111111000000110000010111110
00011111111111110110011111111010
00000111111111111111111111111000
00000000011101111111111111000000
00000000000000011100001000000000
00000000000000011110000000000000
00000000000000011110000000000000
00000000000000011100000000000000
00000000000000011100000000000000
00000000000000001100000000000000
00000000000000011100000000000000
00000000000000011000000000000000
00000000000000011000000000000000
00000000000000011000000000000000
00000000000000000000000000000000