00000000000000000000000000000000
00000000000000000000000000000000
00000000000000000000000000000000
00000000000000000000000000000000
00000000000000000000000000000000
00000000000000000000000000000000
00000000000000000000000000000000
00000000000000010011000000000000
00000000000001101110100000000000
00000000000011111111000000000000
00000000000111111100000000000000
00000000010111101000000000000000
00000000101111010000000000000000
00000000111111000011010000000000
00000001111100000101101000000000
00000111101100000111110000000000
00001111110000000111110000000000
00010111100000001111101000000000
00101110100000001111110000111111
00111111000000001111101111111111
11111110000001110111111111111111
11111111111111111111111111101100
11111111111111111111011110000000
11111111111111011111000000000000
00000000000000011111000000000000
00000000000000011111000000000000
00000000000000111011000000000000
00000000000000111100000000000000
00000000000000111100000000000000
00000000000000110110000000000000
00000000000000000000000000000000
00000000000000000000000000000000