00000000000000000000000000000000
00000000000000000000000000000000
00000000000000000000000000000000
00000000000000000000000000000000
00000000000000000000000000000000
00000111000000000000000000000000
00001011000000001110000000000000
00000110100000001110000000000000
00001111000000010110000000000000
00001111000000001110000000000000
00001101000000011110000000000000
00011110000000011100000000000000
00101010000000011100000000000000
00111100000000101100000000000000
01111000000000111010000000000000
10111000000000111100000100010011
11111001111111111111111111111111
11111111111111111111111111111111
11111111111111110101111111111100
11101111110001101000000000000000
00000000000001110000000000000000
00000000000011110000000000000000
00000000000011100000000000000000
00000000000011100000000000000000
00000000000111100000000000000000
00000000001111000000000000000000
00000000001111000000000000000000
00000000001111000000000000000000
00000000001111000000000000000000
00000000001110000000000000000000
00000000000000000000000000000000
00000000000000000000000000000000