00000000000000000000000000000000
00000000000000000000000000000000
00000000000000000000000000000000
00000000000000000000000000000000
00000000000000000000000000000000
00000000011100000000000000000000
00000001011100000000000000000000
00000010111100000001100000000000
00000111110000000001100000000000
00000111100000000001100000000000
00001111000000000001110000000000
00011100000000000011100000000000
00111010000000000011100000000000
00011100000000000011100000000000
00111000000000000011100000000000
01111000000000000011100000000000
10110000000000000011100000001111
11110000000000000011100110111111
11110000000000000111111111111101
11111111111111011111111111011100
11111111111111111111111110000000
00101111111111010111000000000000
00000010000000001111000000000000
00000000000000001110000000000000
00000000000000001110000000000000
00000000000000001110000000000000
00000000000000001100000000000000
00000000000000001100000000000000
00000000000000011010000000000000
00000000000000011100000000000000
00000000000000000000000000000000
00000000000000000000000000000000