00000000000000000000000000000000
00000000000000000000000000000000
00000000000000000000000000000000
00000000000011000000000000000000
00000000001011100000000000000000
00000000001111100000000000000000
00000000101111100000000000000000
00000001111110000000000000000000
00000011101000000000000000000000
00000111100000000000000000000000
00000110100000000001100000000000
00011111000000000001110000000000
00011010000000000011100000000000
01111100000000000011100000000000
01110000000000000111100000000000
11110000000000000111100000000000
11110000000000000111000000000111
11110000000000001110000000111111
11111110000000011111011101111111
01111111111111111111111111111010
00101111111111111111111111110000
00001101111110110111111000000000
00000000000001111000000000000000
00000000000001110000000000000000
00000000000011110000000000000000
00000000000111000000000000000000
00000000001011100000000000000000
00000000000111000000000000000000
00000000000110000000000000000000
00000000001110000000000000000000
00000000000000000000000000000000
00000000000000000000000000000000