00000000000000000000000000000000
00000000000000000000000000000000
00000000000000000000000000000000
00000000100000000000000000000000
00000001111000000000000000000000
00000111111000000001000000000000
00000111111000000011100000000000
00001111000000000101100000000000
00011110000000000111100000000000
00111110000000000011100000000000
00111000000000000111000000000000
01110000000000001110000000000000
01101000000000011010000000000110
01110000000000001100000000001101
10110000000000111100000000000111
11110000000001111000000000000111
11100000000001110000000000001111
11100000000011110000000000001111
11100000001011000000000000011101
11100000001111100000000001011110
11110000011100000000000101110100
11110000111010000000010111100000
01101001111100000111111111100000
01111010111111111111111110000000
00011111111111111111010000000000
00111111111111111000000000000000
00001111100000000000000000000000
00000111000000000000000000000000
00011111000000000000000000000000
00011100000000000000000000000000
00011100000000000000000000000000
00000000000000000000000000000000