00000000000000000000000000000000
00000000000000000000000000000000
00000000000111000000000000000000
00000000001011000000000000000000
00000000011111000000000000000000
00000001011111000000000000000000
00000011111010000000000000000000
00000011110000000001101110110000
00001111010000000101111111111100
00101110000000010111111110111110
00111101000000011110100000001110
01111100000000111110000000010110
01110000000001111000000000001101
10101000000010111000000000000110
11110000000011110000000000001110
11100000000001110000000000001101
11100000000011100000000000011110
11110000000111100000000000111110
10101000000111100000001011111100
01111000000111101111111111110100
01111011110111111111111110110000
00111111111111111111111110000000
00111111111110111111000000000000
00000000001110000000000000000000
00000000001110000000000000000000
00000000011100000000000000000000
00000000011100000000000000000000
00000000111100000000000000000000
00000000110100000000000000000000
00000001111000000000000000000000
00000001111000000000000000000000
00000001110000000000000000000000