00000000000000000000000000000000
00000000000000000000000000000000
00000000000000000000000000000000
00000001100000000000000000000000
00000001100000000000000000000000
00000001100000000000000000000000
00001011000000000000000000000000
00000111000000000000000000010110
00011101000000000000000000011110
00111010000000000000000000011110
01111100000000000000000001111111
01101000000000000000000011111011
11110000000000000000000111010111
11000000000000000000000011100111
01100000000000000000001110000111
11100000000000000000011111000111
11100000000000000000011100001111
01110000000000000001111100001110
01111000000000000001111001011100
00111100000000001011111111111100
00111101100000001111111111111000
00001111111111111111111111000000
00001111111111111111111000000000
00000000011111111000000000000000
00000000111111100000000000000000
00000011111101000000000000000000
00000111111100000000000000000000
00011111110000000000000000000000
01111110000000000000000000000000
00111110000000000000000000000000
00110000000000000000000000000000
00000000000000000000000000000000