00000000000000000000000000000000
00000000000000000000000000000000
00000000000000000000000000000000
00000000000000000000000000000000
00000000011000000001100000000000
00000000111000000001100000000000
00000001111000000001100000000000
00000001110000000011100000000000
00000011100000000011100000000000
00000011100000000011000000000000
00000110000000000011000000000000
00001110000000000011000000000010
00011110000000000011000000111111
00011000000000000011111011111111
01111100011111111111111111111110
11111011111111111111111101100000
11111111111111111010100000000000
11111111110000000111000000000000
11110000000000000110000000000000
00000000000000000110000000000000
00000000000000000110000000000000
00000000000000000110000000000000
00000000000000000100000000000000
00000000000000000110000000000000
00000000000000000110000000000000
00000000000000000110000000000000
00000000000000001110000000000000
00000000000000001110000000000000
00000000000000001100000000000000
00000000000000001100000000000000
00000000000000000000000000000000
00000000000000000000000000000000