00000000000000000000000000000000
00000000001111000000000000000000
00000000000111000000000000000000
00000000000111000000000000000000
00000000000111000000000001111111
00000000000111000111110111111111
00000000000111111111111111111111
00000000001111111111111011111000
00000000001111000100100000000000
00000000001101000000000000000000
00000000001110000000000000000000
00000000011010000000000000000000
00000000101100000000000000000000
00000000111111101111110000000000
00000001111111111111111000000000
00000001111111110110110100000000
00000001111011000000111100000000
00000001110000000000111100000000
00000001110000000000011100000000
00000000000000000000011100000000
00000000000000000000111100000000
00000000000000000001110100000000
00000000000000000011111000000000
11100000000000000111110000000000
11100000000000101111100000000000
11111001111101111101100000000000
11111111111111111010000000000000
10111111111111110000000000000000
00010001111000000000000000000000
00000000000000000000000000000000
00000000000000000000000000000000
00000000000000000000000000000000