00000000000000000000000000000000
00000000000000000000000000000000
00000000011100000000000000000000
00000000011100000000000000000000
00000000011100001111110111111100
00000000011111111111111111111110
00000000011111111111111111101111
00000000011110111110000000011111
00000000111110000000000000001111
00000000111100000000000000000000
00000000111000000000000000000000
00000001111000001100000000000000
00000001111111111110100000000000
00000001111111111111010000000000
00000011111110001011100000000000
00000011101000000011111000000000
00000011110000000011111000000000
00000000000000000001100000000000
00000000000000000011100000000000
00000000000000000011111000000000
00000000000000001011100000000000
00000000000000010111010000000000
00000000000001011110100000000000
01000000011011111110000000000000
10111111011111110100000000000000
11111111111110110000000000000000
11111111111110000000000000000000
00000000000000000000000000000000
00000000000000000000000000000000
00000000000000000000000000000000
00000000000000000000000000000000
00000000000000000000000000000000