00000000000000000000000000000000
00000000000000000000000000000000
00000000000000000000000000000000
00000000000001110000000000000000
00000000000001110000000000000000
00000000000010110000000001110111
00000000000011110011110111111111
00000000000001111111111111111111
00000000000011111111111011100000
00000000000111111011100000000000
00000000001110111000000000000000
00000000001111000000000000000000
00000000011110110100000000000000
00000000101111111111111100000000
00000000011111111111111100000000
00000000111111011000111100000000
00000000110110000000111100000000
00000000111000000001011100000000
00000000000000000001111100000000
00000000000000001101101000000000
00000000000000111111100000000000
00000000011111111101000000000000
11111101111111111110000000000000
11111111111110110000000000000000
11111111111100000000000000000000
11111000000000000000000000000000
00000000000000000000000000000000
00000000000000000000000000000000
00000000000000000000000000000000
00000000000000000000000000000000
00000000000000000000000000000000
00000000000000000000000000000000