00000000000000000000000000000000
00000000000000000000000000000000
00000000000000000000000000000000
00000000000000000000000000011011
00000000000001110011111101111111
00000000000011111111111111111111
00000000000011111111111101111000
00000000000011111111110000000000
00000000000011100000000000000000
00000000000111100000000000000000
00000000000111000000000000000000
00000000000111100000000000000000
00000000000111111111011111111110
00000000000111111111111111111110
00000000000001111110011011111111
00000000000000000000000000010111
00000000000000000000000000001111
00000000000000000000000000001111
00000000000000000000000000011111
00000000000000000000000000011101
00000000000000000000000000111110
00000000000000000000000001110100
00000000000000000000000101111000
11110000000000000001101111110000
11101100000000011111111110100000
11111011111101111111110110000000
01111111111111111110100000000000
01111111111101111010000000000000
00000000000000000000000000000000
00000000000000000000000000000000
00000000000000000000000000000000
00000000000000000000000000000000