00000000000000000000000000000000
00000000000000000000000000000000
00000000000000000000000000000000
00000111100000000000000000000000
00000111100000000000000000000000
00000111100000000000000000000000
00000111100000000000000111011111
00000111100000000000011011111111
00001010110000000110111111110110
00001111000000010111111101100000
00001110111111111111111100000000
00001111111111111011100000000000
00011111111110110000000000000000
00011101111100000000000000000000
00011110000000000000000000000000
00011110000000000000000000000000
00101110000000000000000000000000
00111010000000000000000000000000
00111100001000100000001111000000
00111011101111111111111111011000
00111111111111111111111111111100
11011111111101110000011101111100
11111110111000000000000000111011
01101100000000000000000000101100
00000000000000000000000000011011
00000000000000000000000000011100
00000000000000000000000000101100
00000000000000000000000001011100
00000000000000000000000010111100
00000000000000000000001101111000
00000000000000000000111111110000
00000000000000000001111111100000