00000000000000000000000000000000
00000000000000000000000000000000
00000000000000000000000000000000
00000000000000000000000000000000
00000000000000000000000000000000
00000000000000000000000000000000
00000000000001111000000000000000
00000000000001111000000000000000
00000000000010111000000000001110
00000000000011111001111101111111
00000000000111111111111111111111
00000000000111111111111111111111
00000000010110110111110000000000
00000000011101000000000000000000
00000000111110000000000001000000
00000001111111111111111111111000
00000010111111111111111111110000
00000001111101111111111101110000
00000000110000000000000011110000
00000000000000000000000011110000
00000000000000000000000101110000
00000000000000000000000111110000
11110000000000000000101111100000
11110000000000000110111101100000
11110111111111011111111010000000
11111111111111111111011000000000
11111111111111011110000000000000
00010000000000000000000000000000
00000000000000000000000000000000
00000000000000000000000000000000
00000000000000000000000000000000
00000000000000000000000000000000