00000000000000000000000000000000
00000000000000000000000000000000
00000000000000000000000000000000
00000000000000000000000000000000
00000000000001110000000000000010
00000000000000110000000001111011
00000000000001110000111111111111
00000000000011101111111111111111
00000000000011111111111111000000
00000000000011111110110000000000
00000000000111111000000000000000
00000000000011100000000000000000
00000000000111100000000000000000
00000000001111011111100000000000
00000000001111111111110000000000
00000000001111101111110000000000
00000000000110000010111000000000
00000000000000000000111000000000
00000000000000000000011000000000
00000000000000000000111000000000
00000000000000000010111000000000
00000000000000000011111000000000
11100000000001111111110000000000
11010111111111111111100000000000
11111111111111101000000000000000
11111111111111000000000000000000
11110111000000000000000000000000
00000000000000000000000000000000
00000000000000000000000000000000
00000000000000000000000000000000
00000000000000000000000000000000
00000000000000000000000000000000