00000000000000000000000000000000
00000000000000000000000000000000
00000000111100000000000000000000
00000000011100000000000000111111
00000000111100000000011101111111
00000000111100011110111111111111
00000000111111111111111101110000
00000001111111111101111000000000
00000001111111110000000000000000
00000010101000000000000000000000
00000011110000000000000000000000
00000011101100000000000000000000
00000111111111111110000000000000
00000111111111111110100000000000
00001111110111101111100000000000
00001110100000000111100000000000
00010101000000000101100000000000
00001010000000000011110000000000
00000000000000000001100000000000
00000000000000000010100000000000
00000000000000000101110000000000
00000000000000000111100000000000
00000000000000110111000000000000
00000000000011111111000000000000
00000000111111111000000000000000
00001110111111111000000000000000
00111111111101100000000000000000
11111111111100000000000000000000
11111011000000000000000000000000
11110000000000000000000000000000
00000000000000000000000000000000
00000000000000000000000000000000