00000000000000000000000000000000
00000000000000000000000101110000
00000000000000000000011011110000
00000000000000000011101111010000
00000000000000011111111111000000
00000000000001011111110100000000
00000000001011111110100000000000
00000000101111111110000000000000
00000001011111110000000000000000
00000010111110000000000000000000
00000111111101111111111111000000
00001011111111111111111111101100
00010111111111111111111111111100
00011111111011111000000110111111
00011101110000000000000000101111
00111110000000000000000000011111
00111110000000000000000000011111
00111010000000000000000000011111
00111100000000000000000000101111
00111100000000000000000001011111
00111100000000000000000010111100
11011100000000000000000101111000
00111110000000000000110111110000
01101110100000111110111111100000
00011111111111111111111110000000
00001111111111111111011000000000
00000011111111111000000000000000
00000000000000000000000000000000
00000000000000000000000000000000
00000000000000000000000000000000
00000000000000000000000000000000
00000000000000000000000000000000