00000000000000000110000000000000
00000000000000111110000000000000
00000000000001111110000000000000
00000000000111111010000000000000
00000000001011110100000000000000
00000000001111111000000000000000
00000001101111100000000000000000
00000001111110100000000000000000
00000010111111000000000000000000
00000011111111011101110000000000
00000111111111111111111101000000
00011111111111111111111111011000
00011111101110000011101111110100
00111111100000000000001011111011
00111111100000000000000110111111
00111110000000000000000001011111
00111110000000000000000000111111
11011110000000000000000000111111
00111110000000000000000001011111
00111100000000000000000001111111
00111010000000000000000110111011
11011110000000000000001011111100
00111101100000000001101111111000
00111111110111111011111111100000
00101111111111111111111101000000
00001110111111111011110000000000
00000000000000000000000000000000
00000000000000000000000000000000
00000000000000000000000000000000
00000000000000000000000000000000
00000000000000000000000000000000
00000000000000000000000000000000