00000000000000000000000000000000
00000000000000000000000000000100
00000000000000000000000000101111
00000000000000000000000011011111
00000000000000000000000111111011
00000000000000000000001111111000
00000000000000000000101111010000
00000000000000000001011110100000
00000000000000001101111110000000
00000000000000000111101100000000
00000000000000111111010000000000
00000000000001111111100000000000
00000000000101111111011100000000
00000000011011111111111110000000
00000000011101111110111111000000
00000010111110000000011111100000
00000101110100000000001111110000
00001011111000000000001011110000
00001111110000000000000111110000
00011111100000000000000111110000
00011111100000000000001011110000
00111110000000000000001111110000
00111011000000000000011111010000
00111100000000000000111110100000
11111100000000001101111111000000
00111100000000101111111110000000
00111100111101111111011000000000
11111111111111110111000000000000
00111111111110110000000000000000
00111111111110000000000000000000
00000000000000000000000000000000
00000000000000000000000000000000