00000000000000000000000000000000
00000000000000000000000000000000
00000000000000000000000000000000
00000111100000000000000000000000
00000111100000000000000000000000
00001111100000000000000000000000
00001110110000000000000000000000
00001111000000000000000000000000
00011111000000000000000000000000
00011110000000000000000000000000
00101110000000000000000000000000
00111010000000000000001000000000
00111100000110110111111111011000
00111101101111111111111111111011
00111111111111110111111101111111
00111111111101000000000000101111
00111111111100000000000000010111
00111111100000000000000000001111
00111111000000000000000000011111
11011110000000000000000000011111
00111110000000000000000000111111
00111110000000000000000001111011
00101101000000000000001101110100
00011110100000000001011111101000
00001111011000111101111111010000
00001011111111111111111110000000
00000101111111111111110000000000
00000011111111011000000000000000
00000000000000000000000000000000
00000000000000000000000000000000
00000000000000000000000000000000
00000000000000000000000000000000