00000000000000000000000000000000
00000000000000111110000000000000
00000000000001011110000000000000
00000000000001111110000000000000
00000000000111111010000000000000
00000000001111110100000000000000
00000000010111111000000000000000
00000000011111100000000000000000
00000010111111000000000000000000
00000011110110000000000000000000
00000111111000000000000000000000
00011011110111111100000000000000
00101111111111111111110110000000
11111111111111111111111111011000
11111111010000111110111111111011
00111101100000000000001011111111
00111110000000000000000011011111
00111110000000000000000000111111
00111110000000000000000001111111
00111100000000000000000110111011
00111100000000000000001111110100
11011110000000000001101111100000
00111110000000011011111111000000
00111111100011011111110110000000
00101111111111111111100000000000
00011111111111110111000000000000
00011011111110110000000000000000
00000001001100000000000000000000
00000000000000000000000000000000
00000000000000000000000000000000
00000000000000000000000000000000
00000000000000000000000000000000