00000000000000000000000000000000
00000000000000000000000000000000
00000000000000000000000011111111
00000000000000000000011011111111
00000000000000000011111111111111
00000000000000111101111110111100
00000000000110111111100110000000
00000000011011111111100000000000
00000000011111110011000000000000
00000000111111101100000000000000
00000011111110110000000000000000
00001101111001000000000000000000
00001111111110000111100000000000
00011111111111111111100111000000
00011111111111111111111111110000
11101111011111110111111111001100
00011111100000000000011111111000
11101111100000000000000111110111
11101111000000000000000111111111
00011111000000000000000011111111
00011100100000000000000100111111
11101111100000000000000111111111
00011111100000000001101111111000
00011111110111111101111111001100
00110011111111111111111110110000
00001101111111111111011110000000
00000000011111111111000000000000
00000000000000000000000000000000
00000000000000000000000000000000
00000000000000000000000000000000
00000000000000000000000000000000
00000000000000000000000000000000