00000000000000000000000000000000
00000000000000000000000000000000
00000000000000000000000111111000
00000000000000000000001011111000
00000000000000000001101111111000
00000000000000000010111111000000
00000000000000011101111101000000
00000000000000101111110000000000
00000000000110111111010000000000
00000000110111111011000000000000
00000001111111111000000000000000
00000011111111110110010000000000
00000111111111111111111110110000
00011011111111111111111111110100
00011111110000001001110111111100
00111111100000000000000110111111
00111111100000000000000001011111
00111110000000000000000000111111
00111110000000000000000000111111
00111110000000000000000001111111
00111110000000000000000110111011
11011110000000000001110111111100
00111111010000011011111111110100
00101111111111111111111110110000
00011011111111111111010000000000
00000011111111111100000000000000
00000000000000000000000000000000
00000000000000000000000000000000
00000000000000000000000000000000
00000000000000000000000000000000
00000000000000000000000000000000
00000000000000000000000000000000