00000000000000000000000000000000
00000000000000000000000000000000
00000000000000000000000000000000
00000000000000000000000001111111
00000000000000000000000011111111
00000000000000000000011011111111
00000000000000000001011111101100
00000000000000001110111111011000
00000000000000110111110111000000
00000000000010111111110000000000
00000000001101111101000000000000
00000000010011111000000000000000
00000111011111110111110000000000
00000111111111111111110111000000
00000111111111111111111111011000
00011111101100001111011111111000
00111111100000000000011011111100
00111110100000000000000101111100
00111111000000000000000011111100
00111111000000000000000011111100
11011111000000000000000101111100
00111100000000000000000111111100
00111100000000000000001111101100
00111100000000000000110111111000
00111100000000000111011111100000
00111011000000111001111111000000
00111111011101111111111000000000
00111111111111111110110000000000
00111011111110011100000000000000
00000000000000000000000000000000
00000000000000000000000000000000
00000000000000000000000000000000