00000000000000000000000000000000
00000000000000000000000000000000
00000000000000000000000000000000
00000000001001111100000000000000
00000000001111111100000000000000
00000000110111101100000000000000
00000001001110110000000000000000
00000001111111000000000000000000
00000110111110000000000000000000
00000111111110000000000000000000
00001001111000000000000000000000
00001111111000000000000000000000
00001111101100000000000000000000
00110111110000000000000000000000
00111111101111111111111111100000
00111111111111111111111111111100
00111111111111111111111111111111
11001110111110000000000011111111
00111111000000000000000001111111
11001101100000000000000001111111
00111110000000000000000001111111
00111110000000000000000011111111
00111110000000000000000011111111
00111110000000000000001111111100
11001110000000000000011111101100
00111111000000001110111110010000
11001110110000110111110011100000
00111111111111111111110000000000
00110111111111111110000000000000
00001001111111101100000000000000
00000000111110000000000000000000
00000000000000000000000000000000