00000000000000000000000000000000
00000000000000000000000000000000
00000000000000000000000000000000
00000000000000000000000000000000
00000000000000000001101110000000
00000000000000000011011101100000
00000000000000000101111110000000
00000000000000011011111011000000
00000000000000111111111000000000
00000000000011111111100000000000
00000000000111111111000000000000
00000000011111110110000000000000
00000001111111111000010000000000
00001111111111111111111011000000
00001111111111111111111111110000
00111111011000111101111111111100
11011110110000000000011011111011
11111111000000000000000011111100
11111110000000000000000011111100
11111110000000000000001101111100
11110110000000000000011011111100
11111000000000000011011111110000
11111000000000101111111110000000
11111110011011111111011000000000
11111111111111111100100000000000
11111111111110111000000000000000
11011111011110000000000000000000
00000000000000000000000000000000
00000000000000000000000000000000
00000000000000000000000000000000
00000000000000000000000000000000
00000000000000000000000000000000