00000000000000000000000000000000
00000000000000000000000000000000
00000000000000000000000000000000
00000000000000100000000000000000
00000000001111111100000000000000
00000000110011111100000000000000
00000000111111111100000000000000
00000000111111001100000000000000
00000011101111110000000000000000
00000001111110110000000000000000
00001110111111000000000000000000
00000111111100000000000000000000
00000111111100000000000000000000
00011111101100000000000000000000
00011111110000000000000000000000
00011111101111111111110000000000
00011111111111111111111101110000
00011111111111111111111111111000
00011111110000000011011111111111
00011110111000000000001111111111
00011111000000000000000011111111
00011111000000000000000011111111
00011111000000000000000011111111
00011110111000000000000011111111
11101111110000000000001111111111
00011111110000000000110111110111
00011111110000000111011111111000
00011111101110001111111111100000
00011011111111111111111101110000
00000111111111111111111100000000
00001110111111111100110000000000
00000000000000000000000000000000