00000000000000000000000000000000
00000000000000000000000000000000
00000000000000000000000000000000
00000000000000000000000000000000
00000000000000011111111111010111
00011111111110111111111111111111
11111111111111111111111111111111
11111111111111111111111111110100
11100111000000000011111111100000
00000000000000000011111111000000
00000000000000000111111110000000
00000000000000011011101100000000
00000000000000011111110000000000
00000000000000111111100000000000
00000000000001011101100000000000
00000000000001111110000000000000
00000000000110111010000000000000
00000000000111111100000000000000
00000000001111111000000000000000
00000000010111011000000000000000
00000000011111100000000000000000
00000001101110100000000000000000
00000001111111000000000000000000
00000011111110000000000000000000
00000011111110000000000000000000
00000011111100000000000000000000
00000000000000000000000000000000
00000000000000000000000000000000
00000000000000000000000000000000
00000000000000000000000000000000
00000000000000000000000000000000
00000000000000000000000000000000