00000000000000000000000000000000
00000000000000000000000000000000
00000000110010011000000000000000
00111011111111111101110000000000
11111111111111111111110110000000
11111111101111101111111110111000
00011000000000000010111111110100
00000000000000000000001111111100
00000000000000000000000110111011
00000000000000000000000001111011
00000000000000000000000000111100
00000000000000000000000000111100
00000000000000000000000001111011
00000000000000000000000110111100
00000000000000000000000111111100
00000000000000000000001111111000
00000000000000000000011111011000
00000000000000000001101111100000
00000000000000000010111111000000
00000000000000000101111110000000
00000000000000011011110110000000
00000000000000101111101000000000
00000000000011011111010000000000
00000000000111111101100000000000
00000000001111111100000000000000
00000000001111111000000000000000
00000000001111100000000000000000
00000000001111100000000000000000
00000000000000000000000000000000
00000000000000000000000000000000
00000000000000000000000000000000
00000000000000000000000000000000