00000000000000000000000000000000
00000000000000000000000000000000
00000000000000000000000000000000
00000000000000000000000000000000
00000000100000000000000000000000
00111111111111111111111110111110
00011111111111111111111111111111
00011101111111111111111101111111
00000000000000000000000000011111
00000000000000000000000000101111
00000000000000000000000000111111
00000000000000000000000001111100
00000000000000000000000101111100
00000000000000000000001111110000
00000000000000000000011110100000
00000000000000000001011101000000
00000000000000000110111010000000
00000000000000010111010000000000
00000000000001011111100000000000
00000000001011111010000000000000
00000000111111011100000000000000
00001101111111000000000000000000
01111111110100000000000000000000
11111111010000000000000000000000
11111011000000000000000000000000
11111000000000000000000000000000
00000000000000000000000000000000
00000000000000000000000000000000
00000000000000000000000000000000
00000000000000000000000000000000
00000000000000000000000000000000
00000000000000000000000000000000