00000000000000000000000000000000
00000000000000000000000000000000
00000000000000000000000000000000
11111110011111111001100000000000
11111111111111111111100110000000
11111111111111111111111110011000
00000011000000011001111111111000
00000000000000000001100111111111
00000000000000000000011111111111
00000000000000000000000111111111
00000000000000000000000111111111
00000000000000000000000111111111
00000000000000000000000111111111
00000000000000000000011001111111
00000000000000000000011111111111
00000000000000000000011111111000
00000000000000000001111111111000
00000000000000000001111111100000
00000000000000000111111111100000
00000000000000000111111001100000
00000000000000011111111110000000
00000000000001100111111000000000
00000000000001111111111000000000
00000000000001111111100000000000
00000000000000001100000000000000
00000000000000000000000000000000
00000000000000000000000000000000
00000000000000000000000000000000
00000000000000000000000000000000
00000000000000000000000000000000
00000000000000000000000000000000
00000000000000000000000000000000