00000000000000000000000000000000
00000000000000000000000000000000
00000000000000000000000000000000
00000000000000000000000000000000
00000000000000000000000000000000
00000000000000000000001000000000
11111111111111111111111101100000
11111111111111111111111111110000
00000000011000000001101111111100
00000000000000000000000111111100
00000000000000000000000011111011
00000000000000000000000001111100
00000000000000000000000011011100
00000000000000000000000011111100
00000000000000000000001101111100
00000000000000000000000111111100
00000000000000000000011111110000
00000000000000000001101111011000
00000000000000000011011111100000
00000000000000000101111110000000
00000000000000011011111011000000
00000000000000101111101100000000
00000000000011011111011000000000
00000000000100111100100000000000
00000000000111111011000000000000
00000000011011110100000000000000
00000000000111011000000000000000
00000000000000000000000000000000
00000000000000000000000000000000
00000000000000000000000000000000
00000000000000000000000000000000
00000000000000000000000000000000