00000000000000000000000000000000
00000000000000000000000000000000
11111111111111110101110000000000
11111111111111111111110010000000
11111111101111101111111110010000
00000000000000000110111111110000
00000000000000000000110111111100
00000000000000000000001111111100
00000000000000000000000011110011
00000000000000000000000011111100
00000000000000000000000011111100
00000000000000000000000011110011
00000000000000000000000011111100
00000000000000000000001111111100
00000000000000000000110111101100
00000000000000000000011111110000
00000000000000000001101110010000
00000000000000000001111101100000
00000000000000000110111110000000
00000000000000000011111110000000
00000000000000001111111100000000
00000000000000110111101100000000
00000000000000111111110000000000
00000000000001101111100000000000
00000000000001111111100000000000
00000000000001111110000000000000
00000000000001111110000000000000
00000000000000000000000000000000
00000000000000000000000000000000
00000000000000000000000000000000
00000000000000000000000000000000
00000000000000000000000000000000