00000000000000000000000000000000
00000000000000000000000000000000
00000000000000000001110000000000
11111111111111111111111111101100
11111111111111111111111111111100
00000000000000000001111101111100
00000000000000000000000011111100
00000000000000000000000000111100
00000000000000000000000000111100
00000000000000000000000000111100
00000000000000000000000011111011
00000000000000000000000011111100
00000000000000000000000101111100
00000000000000000000011011101100
00000000000000000000110111011000
00000000000000000001011111100000
00000000000000000110111110100000
00000000000000001001111011000000
00000000000000110111111000000000
00000000000001101111001000000000
00000000000001111110110000000000
00000000001101111101000000000000
00000000010011110110000000000000
00000000111111101100000000000000
00000011111110010000000000000000
00000011111110000000000000000000
00000011111100000000000000000000
00000000000000000000000000000000
00000000000000000000000000000000
00000000000000000000000000000000
00000000000000000000000000000000
00000000000000000000000000000000