00000000000000000000000000000000
00000000000000000000000000000000
00000111111111111111110000000000
00000111111111111111111110110000
00000111111111111111111111111111
00000000000010001011110111111111
00000000000000000000000000101111
00000000000000000000000000011111
00000000000000000000000000011111
00000000000000000000000000111111
00000000000000000000000001011111
00000000000000000000000010111100
00000000000000000000000101111000
00000000000000000000001011110000
00000000000000000000010111100000
00000000000000000001101111000000
00000000000000000001111010000000
00000000000000001111110100000000
00000000000000011111101000000000
00000000000001011111010000000000
00000000000101111111000000000000
00000000010111111010000000000000
00000001011111111000000000000000
00011011111101100000000000000000
01101111110110000000000000000000
11111110100000000000000000000000
11111010000000000000000000000000
11111000000000000000000000000000
00000000000000000000000000000000
00000000000000000000000000000000
00000000000000000000000000000000
00000000000000000000000000000000