00000000000000000000000000000000
00000000000000000000000000000000
00000000000000000000000000000000
11111111111101111110011110000000
11111111111111111111111111011000
11111111111101111110111111111000
00000000000000000000011101111100
00000000000000000000000011111100
00000000000000000000000001111100
00000000000000000000000001111011
00000000000000000000000001111100
00000000000000000000000001111100
00000000000000000000000001111011
00000000000000000000000010111011
00000000000000000000000011111100
00000000000000000000001101110100
00000000000000000000010111111000
00000000000000000000101111011000
00000000000000000011011110110000
00000000000000000110111110000000
00000000000000001111111010000000
00000000000000011111110000000000
00000000000010111111100000000000
00000000000111111101000000000000
00000000110111110110000000000000
00000000111111110000000000000000
00000000111101100000000000000000
00000000000000000000000000000000
00000000000000000000000000000000
00000000000000000000000000000000
00000000000000000000000000000000
00000000000000000000000000000000