00000000000011111111111111111000
00000000000101110111110111111100
00000000000011111000000101111011
00000000000011111000000001111111
00000000000011110000000000011111
00000000000011110000000000011111
00000000000011101000000000011111
00000000000101111000000000011111
00000000000011111000000001101111
00000000000011111000000001111011
00000000000011110100000101111100
00000000000011111011110111110100
00000001101111111111111111101000
00000111111111111111111111100000
00011111110111101111101000000000
00101111010000010111110000000000
00111111000000001111110000000000
00111110000000000111101000000000
00111110000000000111111000000000
00111110000000000101110100000000
11111110000000000011111100000000
00111111000000000011011100000000
00111111000000000000111100000000
00011111100000000000111100000000
00010111101000000011111100000000
00001011110110000101111100000000
00000111111110111011111000000000
00000000111111111111110000000000
00000000011111111111100000000000
00000000001101111011000000000000
00000000000000000000000000000000
00000000000000000000000000000000