00000000000000000000000000000000
00000000000110111100000000000000
00000000000111111101100000000000
00000000001011111111101100000000
00000000000110111011111101100000
00000000000111000010111111111000
00000000000111000000010111111000
00000000001010100000000101111100
00000000001111100000000001111100
00000000000111100000000000111100
00000000000111100000000000111111
00000000000101110000000000011100
00000000000011110000000000011100
00000000000011111000000000111100
00000000000001111100000000111100
00000000000001011110000000111100
00000000000000101111000001111100
00000000000000011110100010111110
00000000000000001011011101111100
00000000000000000011111111100000
00000000000000000011111111000000
00000000000000001101111111000000
00000000100110111111111110100000
00001110111111111111111111100000
01111111111111111111011011111000
11111111011111011101000111110000
11111011000000111100000011110000
00110000000001011100000011110000
00000000000001011010000001110000
00000000000000111111000001110000
00000000000000011111100011111100
00000000000000001111100011110000