00000000000000000000000000000000
00000110011111100000000000000000
00000111111111111011100000000000
00001011111111111111110000000000
00000111000111011111111100000000
00000111000000000101111110000000
00001111100000000001011101000000
00000111100000000000111111000000
00000111011000000000001110100000
00000101110000000000011011100000
00000010111100000000000111100000
00000001111010000000011011100000
00000000111111000000111111100000
00000000011111100011011111000000
00000000011111111111111101000000
00000110111111111111111100000000
11011111111111111111111100000000
11111111111111111111111100000000
11110110111111111111111101000000
00000001111111110111011110100000
00000011111011000000011011110000
00000111110000000000000110110100
00001111011000000000000001011100
00001110100000000000000000111100
00001111000000000000000000111100
00001110110000000000000000111100
00001011110000000000000000111011
00000111111011000000000001111100
00000011111111011000001101110100
00000001101111111111111111101000
00000000000111011111111111100000
00000000000000001111111111000000