00000011111111111111111000000000
00011101111111111111111101100000
00101111101111111011111111101000
00111111000000000000110111111100
00111110000000000000000011111100
00111110000000000000000001111111
00111101000000000000000000111111
00111111000000000000000000111111
00011110100000000000000000111111
00010111100000000000000001111111
00001111110000000000000001111111
00001101101110000000000010111011
00000001111101000000011101111100
00000000111110110001011111111000
00000000011111111111111111000000
00000000011111111111110110000000
00000011111111111111111000000000
00111111111111111111111011000000
00111111111111111111111111000000
00110111111111111111111111101000
00001111111111110100011011111100
00010111111101000000000011111011
00111111011000000000000001111111
11011101000000000000000000111111
00111110000000000000000000111111
00111110000000000000000000111111
11011101000000000000000001111111
00111110111000000000000011111011
00011111111111011111111011111100
00001111111111111111111111111000
00000000111110111111111110110000
00000000000000000010000000000000