00000000011111000000000000111111
00000000011111000000000000111111
00000000011111000000000001111111
00000000011110110000000010111011
00000000011111100000000101111100
00000000001111111000000111111000
00000000001101110111011111101000
00000000000011111111111101100000
00000011111111111111111010000000
00000011111111111111111000000000
00000111111111111111110000000000
00000000001111111111111000000000
00000011011111111111110100000000
00000011111111011101111100000000
00010111111011000010111110000000
00011110111000000001011111000000
11011110000000000000111110110000
11111110000000000000001111110000
11111100000000000000011011101000
11111100000000000000000111111000
11111100000000000000000011111000
11111100000000000000000011111100
11111110000000000000000011111100
11011110000000000000000001111100
00111110000000000000000001111100
00101111000000000000000001111100
00010111110000000000000101111100
00001101111011111101111111110100
00000110111111111111111111101000
00000000101111111111111010000000
00000000000110011110000000000000
00000000000000000000000000000000