00000000000000000000001111111100
00000000000000000000011111111011
00000000000000000000111111111111
00000000000000000011011011101111
00000000000000000011111100011111
00000000000000000101111000011111
00000000000000000111111000011111
00000000000000000111110000011111
00000000000000000111110001111111
00000000000000000111110001111011
00000000000000000111101101111100
00000000000000000111111111110100
11111111110000000111111111101000
11111111111111111111111111100000
11101111111111111111110111000000
00000011111111101111111000000000
00000000000000011111110100000000
00000000000101111111111100000000
00000000011011111111111100000000
00000000111111101000111011000000
00000011011110100000111110000000
00000001110110000001101110000000
00000111111000000000011111100000
00000111110000000000001111100000
00000111110000000000001011110000
00000111110000000000000111110000
00000111111000000000000111111000
00000111111100000000000111111000
00000001111110110000000011110100
00000001110111110110000011110100
00000000000111111111100001111000
00000000000000111111100001111000