00000000000000000000000000000000
00000000000000000000000000000000
00000000000000000000000000000000
00000000000000000000000000000000
00000000011111111100000000000000
00000011011111111101100000000000
00001101111111111111100000000000
00001111111111111111100000000000
00011111111000111111100000000000
11101111011000111111100000000000
00011111100000111111100000000000
00011111100000111111100000000000
11111111100000111111100000000000
00011111011000111111100000000000
00110011111000111111100000000000
00001101111111111111100000000000
00000011111111111111100000000000
00000001100111111111100000000000
00000000011111111101100000000000
00000001100111111110000000000000
00001101111111111111011000000000
00110011111111111111111100000000
00011111111111111111111110110000
00011111111111111111111111111000
00011111111111110000011111111111
11111111011110000000000111111111
11111111100000000000000011111111
11111111100000000000000011111111
11111111100000000000000011111111
00011111111001100000011011111111
00001101111111111111111111111000
00000011111111111111111111111000