00000000000000000000000000000000
00000000000000001001111111011100
00000000000000011111111111111100
00000000000001101110111011111111
00000000000001111101000011011111
00000000000001111110000000111111
00000000000001111110000000111111
00000000000001111110000011111111
00000000000001111111000111111011
00000000000010111111111111101100
00011101111111111111111111100000
11111111111111111111111111000000
11111111111011101111111100000000
11111111100000011111111100000000
00000000000011111111111100000000
00000000101111111111111111000000
00000011011111101111011111000000
00011011111101100000111111100000
00110111011000000000111111100000
00111111100000000000001111111000
00111111000000000000001111100000
00111111000000000000000111100000
00111111100000000000000111100000
00111111100000000000011011011000
00011111110000000000001111111000
00011011111100000000110111100000
00000101111110010000111111100000
00000000111111111111111110100000
00000000010011111111111011000000
00000000000010111111110100000000
00000000000000000000100000000000
00000000000000000000000000000000