00000000000000000000100000000000
00000000000000001110011111000000
00000000000000101111111111000000
00000000000001011111111111100000
00000000000001111101110111100000
00000000000110111010001111100000
00000000000001111100001111100000
00000000000001111000010111100000
00000000000001110100011111100000
00000000000111111111111111000000
00000000000001111111111111000000
00000000000001111111111110000000
00000000000001111111111000000000
00000000001110111111110000000000
00000000011111111111110000000000
00000000011111111111111000000000
00000000011111111111111110000000
00000010111111111111111111000000
00011011111110111001101111100000
00101111101110000000010111111000
00111111100000000000001011111100
00111101100000000000000111111100
00111110000000000000000001111100
00111110000000000000000001111100
00111110000000000000000001111100
11011101100000000000000110111011
00111111100000000000001011111100
00011111110110000000110111111000
00001101111111011101111111100000
00000010111111111111111101000000
00000000111011011110011100000000
00000000000000000000000000000000