00000000000000000000000000000000
00000000000000000000000000000000
00000000000000000000000000000000
00000000001100011100000000000000
00000001011111111110110000000000
00001110111111111111111010000000
00001111101111111011111110000000
00010111011000000001011111000000
00011111100000000000110110110000
00011110100000000000001111000000
00011111000000000000001111000000
00011111000000000000001111000000
00011111000000000000111111000000
00011110100000000000111111000000
00011111100000000010111110000000
00001111110000001101111010000000
00001101101111011111111000000000
00000011111111111110110000000000
00000001111111111011000000000000
00000001111111111100000000000000
00001101111111111110110000000000
00011111111111111111111100000000
00111111011000011011111111000000
00111101000000000001011111110100
11011110000000000000011101111011
00111110000000000000000010111111
00111111000000000000000000111111
00101111100000000000000000111111
00011111101110000000000001111111
00001111111111011111110111111111
00000110111111111111111111110100
00000000011111111111111111110000