00000000000000111111111110000000
00000000000001111111111110011000
00000000000111111111111111110011
00000000001001110111110111111111
00000000001111111100000110111111
00000000111111101100000001111111
00000000001111110000000001111111
00000000001111110000000011111111
00000000001111110000001101111111
00000000001111110000011111111100
00000000001111101110111111110000
00000000001111111111111101100000
00000110111111111111101110000000
00000111111111111111100000000000
00000111001111111111100000000000
00000000111111111111110000000000
00000000111111111111101100000000
00000001111111111111110010000000
00000111111101111101111111100000
00110111101100000001111110010000
00111110110000000000011111110000
11001111000000000000001111111100
00111111000000000000001111111100
00111111000000000000000011111100
11111111000000000000000011111100
00111110110000000000000011111100
00110111101100000000001101111100
00001111110110000111101111111100
00000111111111111111111111101100
00000001111111111111111101100000
00000000111001111101110000000000
00000000000000000000000000000000