00000000000000000000000000000000
00000000000000000000000000000000
00000000011100100110000000000000
00000001111111111111111101110000
00000011111111111111111111111000
00001111101111000111101111111100
00011111110000000000000110111100
00101111000000000000000001011100
00111101000000000000000000111100
00111110000000000000000001111100
00111110000000000000000001111100
00111111000000000000000010111100
00101110110000000000001101111100
00011111101000000000101111110100
00001111111000001011111111110000
00001101111111111111111101100000
00000011111111111111011000000000
00001111111111111110000000000000
00001111111111111101000000000000
00011011111011101111011000000000
00011111101000010111111010000000
00111111000000000111111111000000
11111110000000000000111111011000
11111010000000000000010111111000
11111100000000000000001101110100
11111010000000000000000011111100
11111110000000000000000011111011
11011101100000000000000001111111
00111111110000000000000001111100
00011111110111111111011111111100
00001111111111111111111111111100
00000011111111111111111111111000