00000000000000000111111111000000
00000000000000011011111111101100
00000000000000011111111111111111
00000000000000011111000101111111
00000000000000101111000011111111
00000000000000111110000101111011
00000000000000111110011011110100
00000000000000111111111110110000
00011001000001011111111101100000
11111111111111111111110110000000
11111111111111111101110000000000
00000111111111011110000000000000
00000000000000111110011111100000
00000000000000111111111111000000
00000000000111011111111111000000
00000000101111111111110100000000
00000011111111111111110000000000
00011111111101111011110000000000
00111110111000000111111000000000
11011101000000000111111000000000
00111110000000000010111100000000
00111110000000000001111110000000
00111110000000000000111111000000
00111101000000000000110111110000
00111111000000000000011011101000
00011111100000000000000111111000
00010111110000000000000011111000
00001111111100000000001101111000
00000011111110110000110111111000
00000001101111111111111111110000
00000000011111111111111101100000
00000000000001111111111100000000