00000000000000000000000000000000
00000000000001000000100000000000
00000000111111111111111011100000
00000110111111111111111111110000
00001111111110111111011111101111
00011111011100000000000110111111
00011110100000000000000001111111
00011111000000000000000001111111
00011111000000000000000101111011
00101110110000000000111011111100
00011111101100001110111111111000
00001111111101101111111111101000
00000110111111111111111110110000
00000000110011101111111110000000
00000000000000000111111100000000
00000000000000000111111000000000
00000000000000011111111000000000
00000000000000111110110000000000
00000000000010111101000000000000
00000000001101111010000000000000
00000000001111110100000000000000
00000000101111011000000000000000
00000001011111000000000000000000
00000110111110000000000000000000
00001101111100000000000000000000
00010111110000000000000000000000
00101111011000000000000000000000
00111110100000000000000000000000
11111101000000000000000000000000
11111110000000000000000000000000
11111100000000000000000000000000
00000000000000000000000000000000