00000000000000000000000000000000
00000000000000000000000000000000
00000000000000000000000000000000
00000000000000000000000000000000
00000000000000000000111111111000
00000000000000001110111111111100
00000000000011101111111111111100
00000000010011111111001101111111
00000011011111101111000011111111
00000101111111100000011011111111
00011111111011000011110111111111
00110111011000001001111111111011
00111110100000011111111111111100
00111111000010111111111111111000
00111111111111111111111111011000
00111111111111111111111111000000
00111111111101100111111011000000
00011101011100001001110100000000
00000000000000110111111000000000
00000000000001111111000000000000
00000000000011111111000000000000
00000000001111110110000000000000
00000000011111111000000000000000
00000011011110010000000000000000
00000101111101100000000000000000
00110111111010000000000000000000
11011111011000000000000000000000
11111110100000000000000000000000
11111011000000000000000000000000
11110100000000000000000000000000
00000000000000000000000000000000
00000000000000000000000000000000