00000000000000000000000000000000
00000000000000000000000000000000
00000000000000000000000000000000
00000000000000000000000000000000
00000000000000000000000000000000
00000000000000000111000000000000
00000000000000110111111111110000
00000000111011111111111111110000
00000001111111111110111110110000
00001111111101111100000001111100
00101111101100000000000001111100
00111111000000000000000001111100
11011101000000000000000110111100
00111110000000000000001111111100
00111111101111001110111111111100
00111111111111111111111111111011
00011101111111111111111111111100
00000000110010000010000011111100
00000000000000000000000011110100
00000000000000000000001111111000
00000000000000000000010111011000
00000000000000000000011111110000
00000000000000000000011111110000
00000000000000000000011110110000
00000000000000000000011111000000
00000000000000000000111111000000
00000000000000000000111101000000
00000000000000000001111110000000
00000000000000000001111010000000
00000000000000000001111100000000
00000000000000000000000000000000
00000000000000000000000000000000