00000000000000000000000000000000
00000000000000000000000000000000
00000000000000000000000000000000
00000000000000000000000000000000
00000000000000000000000000000000
00000000000000001001100000000000
00000000011100111111111110000000
00000000111111111111111110000000
00000110111111011111111111000000
00001111111111000000000000000000
00111111111000000000000001111111
00111110110000000000000011011111
11111111000000000000001101111111
11111111000000000011011111111111
00111111111111111111111111111100
00111111111111111111111111111100
00000111111111111111101111111100
00000000000000000000011111110000
00000000000000000000011111100000
00000000000000000000011111100000
00000000000000000011011101100000
00000000000000000011111011000000
00000000000000000111111100000000
00000000000000011011101100000000
00000000000000011111111000000000
00000000000000101111100000000000
00000000000000111111100000000000
00000000000000111111000000000000
00000000000000111111000000000000
00000000000000000000000000000000
00000000000000000000000000000000
00000000000000000000000000000000