00000000000000000000000000000000
00000000000000000000000000000000
00000000000001110110111000000000
00000000001101111111111000000000
00000000101111111110111000000000
00000011011110010000000000111111
00011111111101100000000000111111
00111111100000000000000011011111
11111110100000000000000101111111
11111011000000000000011011111100
11111100000000000011110111111100
11111100000000001001111111101100
11111110111110111111111111111000
11011111111111111111111111011000
00110111111111101110111111100000
00000111111111100001111111000000
00000000000000000111111011000000
00000000000000001001110100000000
00000000000000110111001000000000
00000000000001111111110000000000
00000000000010111111000000000000
00000000001101111110000000000000
00000000010011111000000000000000
00000000101111110000000000000000
00000011011111100000000000000000
00000101111101100000000000000000
00011011111010000000000000000000
00011111101100000000000000000000
11011111011000000000000000000000
11111110100000000000000000000000
11111011000000000000000000000000
11111100000000000000000000000000