00000000000000000000000000000000
00000000000000000000000000000000
00000000000000000000000000000000
00000000000001000000000000000000
00000000001101111011100000000000
00000001101111111111100000000000
00000001111110110111100000011111
00000111111011000000000001101111
00000111111000000000000101111111
00001111110000000001110111111100
00001111010000001101111111110100
00001111100111101111111111110000
00001111111111111111111111010000
00001111111111101110011111100000
00001111111011100001101110000000
00000001001100000011111011000000
00000000000000000111111000000000
00000000000000001011101000000000
00000000000000010111010000000000
00000000000000111110100000000000
00000000000011111011000000000000
00000000000111110100000000000000
00000000010111101000000000000000
00000000111111010000000000000000
00000001111110100000000000000000
00001011111100000000000000000000
00010111101100000000000000000000
11011111010000000000000000000000
11111111000000000000000000000000
11110110000000000000000000000000
11111000000000000000000000000000
00000000000000000000000000000000