00000000000000000000000000000000
00000000000000000000000000000000
00000000000000000000000000000000
00000000000001111001001110000000
00000000000011111111111111000000
00000000010011111111111111011000
00000000011111111111111111111000
00000000111111111111111111111100
00000000111111101100011011111100
00000000111111110000000101111100
00000000110011101100000011111100
00000000001111110110000101111100
00000000001101111110111011111100
00000000000010111111111111111100
00000000000000110111111111111100
11111100000000000001111101111111
11111100000000000000000011111111
11111100000000000000000101111100
11111100000000000000000111111100
11111100000000000000011011111000
11111100000000000000001111111000
11111100000000000000110111100000
11111111000000000001011111100000
11111111000000000001111111000000
11011110100000001001111011000000
00111111110001101111110100000000
00011111111111111111001000000000
00000111111111111101000000000000
00000011111111111100000000000000
00000000000000000000000000000000
00000000000000000000000000000000
00000000000000000000000000000000