00000000000000000000000000000000
00000000000000000011111000000000
00000000000001101111111110000000
00000000000100111111111110000000
00000000000111111100111001111100
00000000110111110110000011111100
00000001111011110000000011111100
00000111111100000000000111111100
00011011110110000000011011111100
00001111111000000011011111111100
00001111110111101111111111111100
00001111111111111111111111111100
00000110111111111100111101111100
00000000010000110000000011111100
00000000000000000000000011011100
00000000000000000000000001111100
00000000000000000000000001111100
00000000000000000000000001111100
11111110000000000000000011011100
11111110000000000000000011111100
11111110000000000000001101111100
11111011000000000000000111111100
11111111000000000000011111101100
00111111100000000011011111011000
00110111110110011101111111100000
00001111111111111111111011000000
00000110111111111111101100000000
00000000111111111111100000000000
00000000000000000000000000000000
00000000000000000000000000000000
00000000000000000000000000000000
00000000000000000000000000000000