00000000000000000000000000000000
00000000000000000000000000000000
00000000000000000000000000000000
00000000000000000000000000000000
00000000000000000000000000000000
00000000000000001111100000000000
00000000000111001111111110110000
00000001100111111111111111111111
00000011111111110011101111111111
00001111111110110000011111111111
11101111111110000110011111111111
11111111111001110111111111111000
11111111111111111111111111001100
11111111111111111111111110110000
11111111111111111111111011000000
11111111011110001111111100000000
00000000000000110111100110000000
00000000000000111111011000000000
00000000000001111111100000000000
00000000000110111110000000000000
00000000000111110011000000000000
00000000000111111100000000000000
00000000011111111100000000000000
00000000011111111100000000000000
00000000011111101100000000000000
00000000111111110000000000000000
00000000111111110000000000000000
00000000111111000000000000000000
00000001111111000000000000000000
00000000000000000000000000000000
00000000000000000000000000000000
00000000000000000000000000000000