00000000000000000000000000000000
00000000000000000000000000000000
00000000000000000000000000000000
00000000000000000000000000000000
00000000000000000000000000000000
00000000000000000000000000000000
00000000000000000000100110000000
00000000000000011101111111111000
00000000001110111111111111111000
00000001101111111111110111010111
00011101111111110111000000111111
00101111111101000000000011011111
00111111010000000000000111111111
11111110000000000000010111111011
11111110000000000011101111111100
11111110000011111011111111110100
11011111111111111111111111100000
00111111111111111111111111100000
00011101111001111101111111000000
00000000000000000011111110000000
00000000000000000111111000000000
00000000000000011111101000000000
00000000000000111111110000000000
00000000000001011111100000000000
00000000000110111011000000000000
00000000001111111100000000000000
00000000010111111000000000000000
00000000011111100000000000000000
00000000011111000000000000000000
00000000011110000000000000000000
00000000000000000000000000000000
00000000000000000000000000000000