00000000000000000000000000000000
00000000000000000000000000000000
00000000000000000000000000000000
00000000000000000000000000000000
00000000000000000000000000000000
00000000000000000110011000000000
00000000000001101111111111110000
00000000000110111111111111011000
00000000001111111101100011111111
00000000110111110000000011111111
00000001111101100000010111111111
00000001111011000011011111111100
00000011111100010111111111110100
00000011111111111111111111011000
00000011111111110111011110110000
00000010111111101000111111000000
00000001110111000001111110000000
00000000000000000110111010000000
00000000000000001011101100000000
00000000000000001111100000000000
00000000000001101110100000000000
00000000000001111101000000000000
00000000000011111110000000000000
00000000011011101100000000000000
00000000110111110000000000000000
00000001011111010000000000000000
00000010111101100000000000000000
00001101111011000000000000000000
00011111110100000000000000000000
00111111110000000000000000000000
11111111000000000000000000000000
11111110000000000000000000000000