00000000000000000000000000000000
00000000000000000000000000000000
00000000000000000000000000000000
00000000000000000000000000000000
00000000000000000000000000000000
00000000000000000000000000000000
00000000000011000010000000000000
00000011110111111111100000000000
00000111111111111111100000000000
00110111111110111111100000000000
00111111111000000000000011011100
11111111000000000000001101111011
11111111000000000001111011111100
11111110000000111011111111111011
11111011110111111111111111111100
11111111111111111111111111101100
11110111100111111000011111110000
00000000000000000001101111011000
00000000000000000000111111100000
00000000000000000011111110000000
00000000000000000011111011000000
00000000000000000111111100000000
00000000000000000111101100000000
00000000000000011111111000000000
00000000000000101111011000000000
00000000000000011111100000000000
00000000000000011111000000000000
00000000000000000000000000000000
00000000000000000000000000000000
00000000000000000000000000000000
00000000000000000000000000000000
00000000000000000000000000000000